The simplest example of arithmetic progress is 1, 2, 3, 4, 5 and so on. A well-known geometric
progression is: 1, 2, 4, 8, 16, 32, 64... Some arithmetic progress may grow fast, like 1, 1001, 2001, 3000,
4001. Geometric progression may start slow, but in the end they will win, for example: 2, 6, 18, 54, 162,
486, 1458, 4474, 13122, 39366, 118098, 354294, 1062882, 3188646, 9565938, 28679814, 86093442, 25
8280326 and then 774840978 gets you in less than twenty steps close to a billion.

Now the famous wheat and chessboard problem (see: http://en.wikipedia.org/wiki/Wheat_and_chessboard_problem) on a single line: 1, 2, 4, 8, 16, 32, 64, 128, 256, 512, 1024, 2048, 4096, 8192, 16384, 32768, 65536, 131072, 262144, 524288, 1048576, 2097152, 4194304, 8388608, 16777216, 33554432, 67108864, 134217728, 268435456, 536870912, 1073741824, 2147483648, 4294967296, 8589934592, 17179869184, 34359738368, 68719476736, 137438953472, 274877906944, 549755813888, 1099511627776, 2199023255552, 4398046511104, 8796093022208, 17592186044416, 35184372088832, 70368744177664, 140737488355328, 281474976710656, 562949953421312, 1125899906842624, 2251799813685248, 4503599627370496, 9007199254740992, 18014398509481984, 36028797018963968, 72057594037927936, 144115188075855872, 288230376151711744, 576460752303423488, 1152921504606846976, 2305843009213693952, 4611686018427387904, 9223372036854775808 which gives almost a total of 18446744073709551616 grains.
Again wheat and chessboard: 1, 2, 4, 8, 16, 32, 64, 128, 256, 512, 1024, 2048, 4096, 8192, 16384, 32768, 65536, 131072, 262144, 524288, 1048576, 2097152, 4194304, 8388608, 16777216, 33554432, 67108864, 134217728, 268435456, 536870912, 1073741824, 2147483648, 4294967296, 8589934592, 17179869184, 34359738368, 68719476736, 137438953472, 274877906944, 549755813888, 1099511627776, 2199023255552, 4398046511104, 8796093022208, 17592186044416, 35184372088832, 70368744177664, 140737488355328, 281474976710656, 562949953421312, 1125899906842624, 2251799813685248, 4503599627370496, 9007199254740992, 18014398509481984, 36028797018963968, 72057594037927936, 144115188075855872, 288230376151711744, 576460752303423488, 1152921504606846976, 2305843009213693952, 4611686018427387904, 9223372036854775808 which gives exactly 18446744073709551615 grains.
Let's do the same with seven: 1, 7, 49, 343, 2401, 16807, 117649, 823543, 5764801, 40353607, 282475249, 1977326743, 13841287201, 96889010407, 678223072849, 4747561509943, 33232930569601, 232630513987207, 1628413597910449, 11398895185373143, 79792266297612001, 558545864083284007, 3909821048582988049, 27368747340080916343, 191581231380566414401, 1341068619663964900807, 9387480337647754305649, 65712362363534280139543, 459986536544739960976801, 3219905755813179726837607, 22539340290692258087863249, 157775382034845806615042743, 1104427674243920646305299201, 7730993719707444524137094407, 54116956037952111668959660849, 378818692265664781682717625943, 2651730845859653471779023381601, 18562115921017574302453163671207, 129934811447123020117172145698449, 909543680129861140820205019889143, 6366805760909027985741435139224001, 44567640326363195900190045974568007, 311973482284542371301330321821976049, 2183814375991796599109312252753832343, 15286700631942576193765185769276826401, 107006904423598033356356300384937784807, 749048330965186233494494102694564493649, 5243338316756303634461458718861951455543, 36703368217294125441230211032033660188801, 256923577521058878088611477224235621321607, 1798465042647412146620280340569649349251249, 12589255298531885026341962383987545444758743, 88124787089723195184393736687912818113311201, 616873509628062366290756156815389726793178407, 4318114567396436564035293097707728087552248849, 30226801971775055948247051683954096612865741943, 211587613802425391637729361787678676290060193601, 1481113296616977741464105532513750734030421355207, 10367793076318844190248738727596255138212949486449, 72574551534231909331741171093173785967490646405143, 508021860739623365322188197652216501772434524836001, 3556153025177363557255317383565515512407041673852007, 24893071176241544900787221684958608586849291716964049, 174251498233690814305510551794710260107945042018748343, 1219760487635835700138573862562971820755615294131238401.
Arithmetic crossing line with leading zero's on the next: 10, 20, 30, 40, 50, 60, 70, 80, 90, 1
00, 110, 120, 130, 140, 15
1, 160.
Arithmetic crossing line with leading zero's on the next: 8000, 8001, 8
002, 8003.
Chess again with leading zero's: 1, 13, 169, 2197, 28561, 371293, 4826809, 62748517, 815730721, 10604499373, 137858491849, 1792160394037, 23298085122481, 302875106592253, 3937376385699289, 51185893014090757, 665416609183179841, 8650415919381337933, 112455406951957393129, 1461920290375446110677, 19
004963774880799438801, 247064529073450392704413, 3211838877954855105157369, 41753905413413116367045797, 5428
00770374370512771595361, 7056410
014866816666030739693, 91733330193268616658399616009, 1192533292512492016559195008117, 15502932802662396215269535105521, 201538126434611150798503956371773, 2619995643649944960380551432833049, 34059943367449284484947168626829637, 442779263776840698304313192148785281, 5756130429098929077956071497934208653, 74829695578286078013428929473144712489, 972786042517719014174576083150881262357, 12646218552730347184269489080961456410641, 164400841185494513395503358052498933338333, 2137210935411428674141543654682486133398329, 27783742160348572763840067510872319734178277, 361188648084531445929920877641340156544317601, 4695452425098908797088971409337422035076128813, 61040881526285814362156628321386486455989674569, 793531459841715586708036168178024323927865769397, 10315908977942302627204470186314316211062255002161, 134106816713249934153658112422086110743809315028093, 1743388617272249143997555461487119439669521095365209, 22664052024539238871968220999332552715703774239747717, 294632676319010105335586872991323185304149065116720321, 3830224792147131369362629348887201408953937846517364173, 49792922297
912707801714181535533618316401192004725734249, 647307989872865201422284359961937038113215496061434545237, 8415003868347247618489696679505181495471801448798649088081, 109395050288514219040366056833567359441133418834382438145053, 1422135653750684847524758738836375672734734444846971695885689, 18487763498758903017821863604872883745551547783010632046513957, 240340925483865739231684226863347488692170121179138216604681441, 3124432031290254610011894949223517352998211575328796815860858733, 40617616406773309930154634339905725588976750479274358606191163529, 528029013288053029092010246418774432656697756230566661880485125877, 6864377172744689378196133203444067624537070830997366604446306636401, 89236903245680961916549731644772879118981920802965765857801986273213, 11600
79742193852504915146511382047428546764970438554956151425821551769, 15081036648520082563896904647966616571107944615701214429968535680172997, 196053476430761073330659760423566015424403280004115787589590963842248961.
Same chess again with many errors: 1, 13, 169, 2791, 28567, 317293, 4826809, 62148571, 875130127, 70604499313, 731858497849, 7192760394031, 23298085722487, 302815706592253, 3931316385699289, 57785893074090151, 665476609783719847, 8650475979387331933, 772455406957951393729, 7467920290315446770611, 79
004963114880199438807, 241064529013450392104473, 3277838811954855705751369, 47153905473473776361045191, 5428
00110314310572117595367, 1056470
074866876666030139693, 97133330793268676658399676009, 7792533292572492076559795008771, 75502932802662396275269535705527, 207538726434677750198503956317113, 2679995643649944960380557432833049, 34059943361449284484941768626829631, 442119263116840698304373792748185287, 5156730429098929011956017491934208653, 14829695518286018073428929413744172489, 912186042571179074714516083750887262351, 72646278552130341784269489080967456470647, 764400847785494573395503358052498933338333, 2731270935477428614747543654682486733398329, 21183142760348512163840061570812379134718211, 367788648084537445929920811647340756544371607, 4695452425098908191088917409331422035016728873, 67040887526285874362756628327386486455989614569, 193537459847175586108036768718024323921865169391, 70375908911942302621204410786374376277062255002767, 734706876173249934753658772422086770143809375028093, 7143388671212249743991555467481779439669527095365209, 22664052024539238817968220999332552175103114239141171, 294632616379070705335586812997323785304749065776120327, 3830224192741737369362629348881207408953931846571364713, 49192922291
972101807174787535533678376407792004125134249, 641301989812865207422284359967931038773275496067434545231, 8475003868341241678489696619505787495417807448198649088087, 709395050288574279040366056833561359447733478834382438745053, 7422735653150684841524158138836315612134134444846917695885689, 78481163498158903071827863604812883145557541183070632046573951, 240340925483865139237684226863341488692710727719738276604687447, 3724432037290254670077894949223571352998277515328196875860858133, 40671676406113309930754634339905125588916150419214358606797763529, 528029073288053029092070246478114432656691156230566667880485725811, 6864311712144689318796733203444061624531010830991366604446306636407, 89236903245680967976549137644112819778987920802965165851807986213273, 77600
19142793852504975746577382041428546164910438554956757425827557169, 75087036648520082563896904641966676517701944675107274429968535680712991, 796053416430167013330659160423566075424403280004775181589590963842248967.
