1 10
90 30
333333333333333333333333333333333333333333333333333333333333333333333333333333333333333333333333333 3
98765432123456789 9
22 30
112222255 15
11111111111 11
1001110 14
111111122222223333333444444455555556666666777777788888889999999 7
125489674763156315875963245622112366559872521143236598756215465164984981568 5
111111111111111111111111111111111111111111111111111111111111111111111111111111111111111111111111111222222222222222222222222222222222222222222222222222222222222222222222222222222222222222222222222222333333333333333333333333333333333333333333333333333333333333333333333333333333333333333333333333333 6
123456789012345678901234567890123456789012345678901234567890123456789012345678901234567890123456789012345678901234567890123456789012345678901234567890123456789012345678901234567890123456789012345678901234567890123456789012345678901234567890123456789012345678901234567890123456789012345678901234567890 3
333221 25
951753852456 20
4355696753 4
0 0